64
18 37 27 8 6 4 41 15 62 26 5 11 59 50 3 13 14 57 53 10 20 64 17 2 58 31 60 63 7 38 52 30 28 19 24 36 48 35 23 44 61 16 22 49 29 25 39 45 42 40 51 32 46 9 43 21 33 55 54 12 56 47 34
54 16 46 1 53 36 21 64 26 8 14 13 9 57 15 25 37 4 23 31 62 63 28 20 19 5 58 43 49 35 41 17 39 42 34 56 47 29 22 61 52 32 45 40 18 44 48 3 24 6 11 12 30 38 50 7 27 60 33 59 51 55 10
6 60 26 32 27 1 24 61 36 12 20 13 21 44 59 37 33 31 9 35 47 49 43 14 42 54 63 34 46 57 56 11 62 7 30 45 25 52 17 38 64 8 28 19 22 48 2 10 40 15 29 58 53 50 18 23 41 5 16 39 4 55 51
44 57 62 36 50 19 18 41 38 32 42 47 10 31 61 23 59 6 52 12 22 14 49 15 7 40 5 48 33 30 60 39 64 24 16 54 46 8 11 34 55 45 3 51 25 37 58 63 28 17 26 29 53 1 13 9 2 27 21 20 56 43 35
17 36 9 50 19 51 20 37 14 41 45 32 21 11 38 55 53 34 33 40 56 44 59 42 48 25 27 12 46 43 1 58 8 49 23 31 60 52 22 30 4 57 24 13 54 18 15 16 3 10 64 7 61 26 35 39 28 62 29 6 2 63 47
3 39 50 12 35 61 18 34 2 19 57 62 11 22 51 49 54 45 16 52 33 40 10 15 44 64 20 41 36 43 59 14 24 1 38 5 58 42 4 21 17 23 63 47 48 13 46 9 31 56 26 27 25 60 8 7 29 53 32 28 55 37 30
19 8 29 59 5 38 54 34 15 12 4 51 57 64 26 9 20 58 17 1 24 35 56 45 37 36 31 60 52 14 55 30 39 43 18 40 27 32 28 10 22 13 11 53 21 41 2 25 50 42 49 33 6 63 44 3 61 62 16 46 47 23 48
47 26 54 19 42 20 37 7 25 23 60 18 36 5 24 55 21 56 32 45 15 28 31 1 49 38 61 16 52 53 13 3 30 40 63 43 34 33 39 35 11 41 10 27 64 51 46 14 12 4 48 17 9 22 57 6 58 2 50 62 59 29 44
13 30 22 14 8 40 37 34 23 56 20 3 49 54 38 61 16 21 63 42 25 44 55 64 41 32 29 17 5 11 48 43 18 33 28 35 7 2 27 47 4 57 15 31 36 19 62 26 39 45 6 12 53 50 1 58 51 46 60 52 59 10 24
18 48 38 43 39 63 4 36 56 40 45 27 21 58 52 24 11 31 25 61 34 15 5 64 44 22 19 1 41 46 16 50 8 55 60 20 28 57 37 17 47 3 14 49 51 6 59 7 33 32 12 30 26 2 9 35 42 23 54 62 29 13 53
29 24 39 59 42 20 6 52 28 30 53 56 60 35 36 48 21 4 47 25 23 12 22 49 57 15 41 3 26 33 51 61 62 50 58 31 37 10 13 44 8 38 27 9 7 19 63 34 18 43 32 5 64 55 14 46 16 2 45 40 1 54 17
53 48 11 63 54 14 18 17 26 49 51 34 55 23 58 56 5 59 27 31 22 24 13 39 21 42 61 6 32 64 52 45 62 35 2 8 46 16 37 3 40 19 38 47 1 9 20 44 50 33 10 43 36 4 57 15 41 60 29 28 25 7 30
33 32 8 62 27 55 9 29 22 58 14 50 52 11 17 3 26 35 40 45 36 47 16 1 31 19 20 61 46 54 57 56 37 38 44 2 7 28 21 41 51 15 10 24 6 30 4 63 42 25 43 12 34 59 18 49 60 23 53 64 48 5 39
10 38 40 55 7 43 27 56 9 35 46 20 6 47 57 42 62 64 3 44 29 13 31 54 12 52 19 63 50 22 48 24 21 49 16 5 37 60 4 8 25 61 51 36 34 53 32 15 45 39 1 30 28 58 11 23 41 33 26 59 17 18 2
29 1 4 8 49 6 9 41 56 35 5 59 11 26 46 25 23 28 63 52 17 7 62 39 19 32 21 50 3 42 45 10 53 48 37 40 38 2 64 58 30 47 20 55 54 31 13 27 43 16 24 36 22 33 51 12 60 34 18 14 44 57 61
41 9 8 6 25 57 54 34 14 36 29 37 52 61 18 43 39 5 15 7 50 32 10 42 53 49 64 24 55 44 20 2 58 1 30 40 46 51 22 60 62 4 59 56 13 27 12 26 31 35 23 3 47 19 63 48 17 38 33 21 11 45 28
60 28 19 29 14 61 32 51 23 27 1 59 21 50 44 12 22 48 10 57 49 47 31 11 63 55 39 56 3 46 58 26 5 15 34 6 9 25 52 64 4 43 13 18 36 30 24 16 42 41 37 62 20 7 40 38 8 45 2 33 54 35 53
44 48 20 5 59 15 11 17 22 37 64 36 61 40 16 3 14 4 55 28 49 29 51 27 38 57 35 10 33 26 56 34 54 50 46 19 6 31 53 7 43 62 13 52 39 32 42 9 12 30 58 23 2 1 47 63 21 60 25 24 8 45 41
61 28 3 64 2 32 45 11 18 53 7 6 21 10 12 62 40 1 15 47 44 34 54 14 17 22 38 43 30 23 13 25 58 59 31 36 8 39 51 50 24 35 20 4 60 49 16 41 26 55 27 9 33 37 42 57 46 5 56 63 48 29 52
17 35 29 22 15 62 50 52 3 60 36 61 56 63 14 42 34 48 23 11 41 44 9 43 10 2 45 30 64 33 51 13 37 47 19 54 55 49 40 25 57 53 27 5 6 18 59 58 28 4 1 39 16 32 8 46 7 26 21 12 38 31 24
52 50 8 3 61 6 43 13 2 62 26 12 29 55 51 60 64 27 54 41 16 25 17 49 7 48 59 31 15 39 38 58 34 24 44 47 36 5 46 28 9 56 57 45 23 10 22 18 35 14 63 30 40 33 37 11 19 1 42 4 20 53 32
49 3 15 54 63 53 50 18 25 24 58 38 26 36 20 5 17 13 48 64 29 37 61 59 45 33 30 16 47 23 39 11 9 21 31 40 34 46 57 52 2 6 10 35 1 14 32 62 12 19 44 4 7 8 51 43 41 56 60 42 28 27 55
39 32 46 35 22 58 29 19 2 9 44 56 42 11 59 27 33 50 26 62 20 17 60 43 41 28 14 34 57 61 51 1 4 48 63 25 36 54 5 13 3 7 45 40 49 10 16 18 52 8 30 64 6 47 55 24 31 37 15 21 38 12 53
28 5 48 44 19 22 63 56 36 15 51 4 58 23 2 46 29 32 3 30 31 33 42 53 43 39 21 10 16 18 8 6 12 9 35 26 52 20 60 50 54 57 61 64 11 25 17 7 37 40 34 38 62 47 45 59 41 1 49 55 27 13 14
2 17 9 60 53 4 48 28 5 21 49 27 34 36 45 30 35 22 13 7 62 61 26 15 24 37 19 14 50 44 8 11 31 41 3 47 20 54 59 43 51 56 52 40 1 55 32 33 63 12 29 57 16 58 10 64 39 38 23 18 42 6 46
61 34 56 38 59 63 33 58 13 50 15 35 37 41 62 31 20 12 1 5 17 49 30 29 2 16 19 10 52 53 60 42 14 51 11 9 54 57 7 25 27 64 18 55 46 4 22 36 39 44 21 48 23 32 40 45 6 28 3 8 43 47 24
49 19 5 47 23 57 36 9 58 29 22 3 64 21 62 41 15 18 1 43 4 10 24 45 11 20 55 35 51 31 50 59 8 34 60 17 33 40 6 25 61 42 38 56 12 16 63 14 46 26 37 32 48 54 53 7 39 44 52 30 28 13 2
53 6 18 11 39 36 24 42 38 30 34 33 37 1 48 27 60 14 56 54 19 40 41 8 10 62 46 23 64 7 50 35 29 43 61 16 3 63 5 4 22 32 13 21 15 12 9 55 51 59 49 31 58 20 44 25 17 45 52 57 26 2 47
57 47 59 60 12 45 23 56 7 51 4 34 11 46 16 26 54 14 44 64 53 18 55 6 1 20 50 43 17 5 36 31 13 10 42 27 35 61 2 49 3 39 48 8 28 32 37 24 25 63 19 52 21 15 40 58 38 30 22 33 41 9 62
59 32 22 60 49 18 12 51 34 9 57 63 52 36 23 2 56 54 47 33 53 62 3 14 24 37 6 27 61 1 45 50 11 40 39 13 64 26 4 5 25 48 46 29 43 31 42 35 7 55 15 41 16 44 21 38 10 28 8 19 17 20 58
38 6 28 54 33 62 55 4 39 61 36 2 53 47 58 27 32 48 14 26 13 7 23 43 21 44 18 19 5 51 34 20 56 41 64 60 22 37 59 15 17 16 52 35 12 46 11 25 49 45 10 40 50 57 24 30 1 29 3 63 8 42 9
49 13 41 20 21 53 12 37 18 54 63 34 16 3 30 44 58 29 14 28 2 15 27 52 43 5 4 45 61 60 48 40 6 31 35 46 19 50 64 36 33 39 1 24 7 55 23 22 42 10 25 62 59 56 38 9 8 57 17 47 51 11 26
39 37 34 35 61 19 5 30 24 2 11 4 38 45 28 13 64 17 54 50 14 62 8 43 52 44 55 53 32 16 58 21 12 15 59 23 10 51 41 9 22 36 20 3 1 42 6 26 18 31 40 48 29 27 47 25 56 46 7 57 63 60 49
43 22 11 56 2 39 53 36 64 51 27 9 54 42 4 21 13 8 50 57 30 37 61 55 38 23 46 49 62 35 47 17 45 10 31 12 59 29 48 26 33 16 15 18 52 3 7 14 58 25 19 1 6 60 5 20 44 41 32 63 24 28 40
22 59 27 62 41 18 25 10 3 1 52 36 64 30 17 14 19 16 8 42 50 11 13 12 46 32 37 31 61 24 28 23 40 56 4 57 51 15 5 33 43 2 34 47 48 44 63 60 55 45 21 20 53 54 26 6 7 49 38 58 29 9 39
47 60 41 53 10 32 27 54 25 29 18 59 17 26 57 30 21 14 12 3 46 42 62 39 61 44 43 22 20 38 28 64 13 55 11 1 6 37 4 16 58 45 51 24 40 23 7 19 56 33 2 31 49 50 9 63 15 5 52 8 48 34 35
9 24 34 1 54 23 16 56 4 41 62 50 2 58 36 17 46 59 3 15 22 57 32 45 11 48 8 13 12 19 60 21 5 63 49 7 51 53 28 27 6 40 47 14 52 30 44 31 29 35 61 26 33 18 38 20 10 64 42 25 39 43 55
21 23 1 9 41 3 49 36 22 54 7 58 16 42 34 11 32 18 61 57 17 15 25 20 6 24 52 29 60 50 2 64 45 8 12 40 43 56 31 28 46 62 53 39 13 51 44 47 35 26 10 19 59 33 55 63 30 5 27 4 48 14 37
5 40 30 62 31 50 27 3 28 47 63 48 11 42 37 16 52 57 21 24 4 20 25 29 46 19 32 2 12 36 51 26 14 44 64 9 35 8 53 7 33 1 56 58 23 43 49 6 60 55 34 18 41 61 54 13 38 17 22 15 59 45 10
43 11 56 39 44 29 33 41 60 52 59 57 51 63 4 17 15 61 3 54 13 46 25 12 6 24 36 64 38 53 35 58 34 62 9 30 45 49 2 47 22 23 1 55 26 28 20 21 18 16 7 10 50 8 37 5 14 19 31 27 32 42 48
8 27 30 29 42 15 13 16 32 46 38 36 53 55 6 57 31 39 48 47 14 9 58 61 22 11 23 37 10 52 59 26 45 20 7 44 51 5 3 50 40 43 21 60 1 2 12 64 54 56 62 17 49 18 33 4 35 34 63 25 24 28 19
53 1 2 16 56 32 25 17 15 5 35 60 41 14 43 13 47 38 40 57 9 3 24 50 36 48 33 58 34 8 37 59 51 55 45 18 44 46 21 6 26 54 28 4 31 61 52 62 23 49 10 19 29 30 20 11 27 64 63 39 12 22 7
47 48 44 6 52 56 58 46 31 55 61 30 24 5 8 57 28 60 13 7 36 53 14 34 4 19 33 23 3 59 42 25 21 38 29 62 49 39 27 37 17 35 12 20 18 22 16 9 10 45 40 41 54 64 63 11 26 15 50 51 32 1 2
13 39 31 21 58 42 26 61 18 17 27 54 4 16 45 30 46 56 36 15 3 63 9 6 28 35 24 50 37 62 7 60 32 53 5 12 33 40 19 47 23 64 11 25 34 10 49 57 38 8 41 48 55 22 52 20 14 1 51 43 2 29 59
52 1 7 60 23 35 38 31 32 14 55 16 64 3 28 56 61 33 43 22 11 6 46 40 63 10 37 58 53 50 44 59 41 20 5 51 4 54 25 29 18 27 47 36 8 42 39 30 24 34 21 2 49 19 26 48 57 13 9 12 62 15 17
28 16 18 56 43 50 7 5 19 26 53 4 33 17 31 47 8 62 59 44 54 41 48 32 40 24 63 21 22 29 1 30 38 37 42 27 51 3 9 11 55 60 61 15 52 36 64 25 14 13 39 45 20 6 2 58 57 10 23 12 34 35 49
64 60 34 10 18 9 16 62 48 3 12 63 15 22 17 21 40 23 19 37 24 51 56 29 25 36 39 44 50 58 59 14 4 20 30 55 53 7 49 61 52 6 2 57 54 35 28 46 45 5 33 38 8 11 32 26 42 31 13 1 43 41 27
45 15 52 59 33 8 21 1 22 42 46 39 63 56 32 7 36 61 58 44 38 64 62 5 53 18 40 11 27 51 13 23 41 14 60 2 50 29 16 31 54 25 37 26 6 47 55 20 3 24 49 43 34 57 30 28 17 4 12 10 9 19 35
38 16 58 59 4 36 3 54 30 7 24 26 39 60 18 63 2 22 12 31 48 10 35 34 57 32 46 19 9 50 61 44 45 6 52 17 11 41 15 40 14 37 43 47 13 62 23 56 53 64 8 27 28 20 55 1 25 51 29 33 42 21 5
39 4 13 36 26 51 45 46 3 47 53 32 5 14 18 60 59 62 24 12 23 28 48 49 34 42 10 15 58 52 37 35 57 8 56 21 1 6 9 25 17 64 20 30 40 11 38 29 63 2 7 22 43 44 19 16 55 31 61 33 27 41 54
38 37 41 45 42 50 9 52 12 16 22 46 17 34 25 1 13 8 19 23 24 4 43 28 55 58 49 64 39 18 10 32 36 44 35 60 2 6 56 63 11 33 53 31 14 26 27 21 5 57 3 47 54 30 20 61 62 29 40 15 7 59 48
2 12 44 48 63 4 58 51 46 27 16 14 6 33 10 5 37 39 50 64 45 40 47 36 60 3 38 53 57 61 29 30 23 54 35 19 41 11 13 22 21 62 31 49 7 34 26 1 55 32 43 9 42 25 8 59 15 24 20 17 28 56 18
64 44 49 35 2 6 50 45 16 57 41 23 54 58 12 22 13 51 48 60 29 40 9 17 15 62 28 32 36 20 18 34 5 31 52 21 63 7 10 39 8 46 25 56 4 27 38 24 37 47 11 43 61 1 19 26 59 30 3 14 55 33 42
7 40 57 37 13 43 2 59 8 5 58 12 23 38 28 20 60 25 10 1 31 51 42 62 45 29 15 50 18 19 41 24 34 4 63 3 9 30 17 56 21 49 33 47 55 27 14 6 52 11 36 35 39 64 16 61 48 44 32 53 46 22 26
52 17 2 27 6 1 18 28 8 23 34 41 49 30 39 7 54 16 20 40 33 22 10 59 62 48 36 64 60 61 44 24 9 58 31 11 13 56 50 26 57 45 14 35 21 42 46 63 38 47 15 53 19 12 25 3 4 5 43 29 51 32 37
51 20 41 10 12 16 17 38 28 37 57 31 5 53 8 9 36 19 39 45 23 58 1 3 35 46 14 25 54 50 6 2 40 42 34 33 48 62 4 55 29 11 44 43 21 49 61 24 22 13 32 60 63 7 27 30 59 18 64 26 47 15 52
55 54 20 30 28 19 56 41 37 21 40 36 4 25 14 51 39 23 10 45 7 32 42 11 60 31 48 16 63 26 6 5 2 64 38 9 29 12 43 17 46 35 15 27 52 61 50 53 13 3 34 33 24 18 1 49 8 22 58 62 47 59 44
14 4 60 61 21 47 40 24 36 8 48 16 13 56 45 11 18 25 35 34 31 46 52 50 1 29 12 55 53 64 41 43 5 42 62 7 33 44 54 28 37 26 51 9 22 49 6 30 39 20 3 59 23 63 57 15 27 10 2 38 32 19 17
26 58 64 54 32 34 52 11 24 60 2 63 44 47 41 36 31 1 40 55 28 22 57 19 8 62 46 6 27 43 49 38 61 42 10 48 3 33 35 4 23 39 16 30 9 50 29 51 21 56 5 45 13 20 12 7 53 17 15 14 37 25 18
26 45 40 59 16 21 11 28 38 43 12 42 64 34 62 54 8 53 41 44 39 6 9 5 46 50 7 22 24 30 32 19 14 10 33 49 4 57 58 63 18 29 55 3 37 17 15 48 56 25 52 35 47 31 27 61 23 51 36 2 13 1 20
53 20 36 35 26 44 8 25 41 16 7 4 64 29 6 21 13 18 30 19 28 14 38 62 32 45 51 15 33 58 34 3 60 9 50 2 31 11 63 39 42 37 48 22 5 49 1 46 52 24 17 40 54 55 43 10 59 56 47 12 23 27 57
42 6 35 3 34 37 21 28 13 38 2 60 61 58 30 7 5 56 64 11 18 25 36 53 8 63 22 55 33 49 39 20 54 4 27 17 32 31 51 59 26 14 47 48 29 19 52 12 44 16 24 45 50 23 43 1 15 9 41 10 40 57 46
38 12 4 35 64 44 34 47 19 13 41 16 24 8 23 25 9 29 26 52 36 32 21 46 59 60 33 2 27 31 53 22 43 30 62 42 51 55 40 57 37 56 54 39 17 3 5 50 11 1 61 45 48 7 49 58 18 20 6 10 14 15 28
56 15 49 3 27 25 53 14 30 20 62 60 47 16 45 41 57 59 28 22 48 52 42 9 24 2 29 43 17 46 1 26 18 32 4 61 5 8 10 6 12 11 19 44 58 36 33 51 34 63 40 35 31 21 38 50 37 54 39 23 7 13 55
